img_0.jpg,816,237,1128,1061,1
img_0.jpg,1175,244,1412,923,1
img_1.jpg,230,465,362,707,1
img_1.jpg,462,489,551,700,1
img_1.jpg,545,498,645,735,1
img_2.jpg,192,42,1015,844,1
img_3.jpg,391,306,593,861,1
img_4.jpg,32,83,723,769,1
img_4.jpg,1191,216,1435,588,1
img_4.jpg,1400,285,1553,517,1
img_5.jpg,267,0,848,668,1
img_6.jpg,623,100,1006,626,1
img_6.jpg,928,89,1280,661,1
img_9.jpg,180,669,1570,2136,1
img_10.jpg,267,111,506,646,1
img_14.jpg,375,384,533,853,1
img_14.jpg,294,375,407,666,1
img_15.jpg,5,86,118,383,1
img_15.jpg,132,103,232,352,1
img_15.jpg,415,37,561,398,1
img_16.jpg,380,641,552,1098,1
img_16.jpg,556,634,744,1201,1
img_16.jpg,165,635,360,1183,1
img_17.jpg,214,204,403,674,1
img_19.jpg,584,251,902,809,1
img_20.jpg,753,293,1182,777,1
img_21.jpg,56,256,291,724,1
img_22.jpg,465,172,1146,800,1
img_23.jpg,141,59,1073,978,1
img_24.jpg,815,231,985,699,1
img_24.jpg,549,228,658,570,1
img_25.jpg,55,185,161,316,1
img_25.jpg,162,180,250,316,1
img_25.jpg,308,172,389,354,1
img_26.jpg,481,139,1074,779,1
img_27.jpg,316,49,865,626,1
img_28.jpg,404,285,494,551,1
img_28.jpg,503,302,643,485,1
img_29.jpg,90,610,235,824,1
img_29.jpg,298,619,381,815,1
img_30.jpg,564,631,839,1441,1
img_30.jpg,243,592,507,1345,1
img_31.jpg,351,278,586,598,1
img_31.jpg,600,234,832,596,1
img_31.jpg,53,235,331,630,1
img_32.jpg,259,227,1652,2471,1
img_33.jpg,827,81,1342,1610,1
img_34.jpg,512,249,647,501,1
img_35.jpg,627,433,1042,1067,1
img_35.jpg,1186,267,2037,1344,1
img_36.jpg,1319,491,1804,1334,1
img_36.jpg,1864,474,2461,1254,1
img_36.jpg,103,591,382,1258,1
img_36.jpg,945,638,1140,1075,1
img_36.jpg,646,593,865,1109,1
img_36.jpg,377,664,559,1134,1
img_37.jpg,388,70,542,470,1
img_39.jpg,93,234,546,1011,1
img_40.jpg,424,241,621,528,1
img_41.jpg,109,195,365,825,1
img_41.jpg,478,169,715,801,1
img_41.jpg,840,190,1055,810,1
img_41.jpg,1064,228,1285,817,1
img_42.jpg,326,18,620,664,1
img_44.jpg,700,352,855,615,1
img_44.jpg,501,353,656,633,1
img_44.jpg,71,398,205,591,1
img_45.jpg,594,930,2096,2188,1
img_46.jpg,187,3,433,280,1
img_48.jpg,884,400,1610,1241,1
img_49.jpg,160,566,573,1220,1
img_49.jpg,722,548,1161,1261,1
img_49.jpg,1195,529,1619,1330,1
img_50.jpg,48,161,685,800,1
img_51.jpg,391,139,669,816,1
img_51.jpg,674,207,856,698,1
img_52.jpg,507,111,656,515,1
img_53.jpg,776,330,1120,1189,1
img_53.jpg,1216,386,1439,900,1
img_54.jpg,332,183,657,739,1
img_56.jpg,605,311,755,640,1
img_57.jpg,715,242,1035,865,1
img_58.jpg,117,89,349,343,1
img_59.jpg,275,60,840,799,1
img_60.jpg,826,382,1171,1308,1
img_60.jpg,1595,535,1979,1329,1
img_61.jpg,406,205,750,655,1
img_61.jpg,772,295,892,491,1
img_61.jpg,1043,208,1217,636,1
img_62.jpg,682,245,1871,1373,1
img_63.jpg,29,1,166,363,1
img_63.jpg,190,3,342,365,1
img_64.jpg,504,207,802,568,1
img_65.jpg,859,259,1018,675,1
img_66.jpg,504,270,804,832,1
img_67.jpg,170,84,616,520,1
img_68.jpg,639,455,962,1333,1
img_69.jpg,205,142,489,422,1
img_70.jpg,772,206,1260,690,1
img_71.jpg,154,315,536,796,1
img_71.jpg,409,262,652,684,1
img_72.jpg,887,340,1017,709,1
img_72.jpg,640,284,856,812,1
img_73.jpg,285,458,502,948,1
img_73.jpg,632,479,809,938,1
img_73.jpg,1044,532,1160,889,1
img_73.jpg,1282,610,1361,810,1
img_73.jpg,1516,603,1587,789,1
img_74.jpg,256,77,779,645,1
img_75.jpg,120,125,477,1015,1
img_75.jpg,621,254,843,738,1
img_75.jpg,1009,363,1126,688,1
img_76.jpg,734,447,1020,849,1
img_77.jpg,197,283,454,620,1
img_78.jpg,774,366,886,733,1
img_78.jpg,596,377,716,734,1
img_79.jpg,534,442,656,566,1
img_80.jpg,648,62,1624,999,1
img_81.jpg,90,266,318,546,1
img_81.jpg,344,279,541,546,1
img_81.jpg,880,309,943,433,1
img_81.jpg,658,299,770,488,1
img_82.jpg,267,66,352,269,1
img_84.jpg,960,417,1220,1017,1
img_85.jpg,469,50,687,627,1
img_85.jpg,233,171,483,505,1
img_86.jpg,434,132,500,285,1
img_86.jpg,329,107,395,278,1
img_86.jpg,512,110,556,231,1
img_86.jpg,7,85,127,336,1
img_89.jpg,419,298,496,489,1
img_89.jpg,536,285,618,534,1
img_89.jpg,195,284,329,581,1
img_89.jpg,642,292,786,638,1
img_89.jpg,918,296,990,480,1
img_1.jpg,390,481,439,617,2
img_5.jpg,295,101,403,360,2
img_5.jpg,962,158,1077,490,2
img_27.jpg,730,94,839,368,2
img_28.jpg,0,180,77,369,2
img_55.jpg,832,18,1269,765,2
img_55.jpg,24,137,487,885,2
img_71.jpg,1066,509,1199,800,2
img_82.jpg,434,66,537,328,2
img_88.jpg,186,182,232,319,2
img_92.jpg,272,112,618,576,2
img_93.jpg,53,22,282,329,2
img_93.jpg,348,36,512,327,2
img_94.jpg,217,92,388,431,2
img_95.jpg,308,155,748,851,2
img_96.jpg,822,87,991,624,2
img_96.jpg,296,104,402,624,2
img_97.jpg,396,56,944,772,2
img_98.jpg,55,13,150,212,2
img_99.jpg,323,11,478,404,2
img_100.jpg,686,226,849,711,2
img_100.jpg,536,204,687,731,2
img_100.jpg,319,190,488,660,2
img_100.jpg,133,178,323,711,2
img_101.jpg,42,50,204,380,2
img_102.jpg,203,0,404,373,2
img_103.jpg,402,71,562,477,2
img_103.jpg,341,61,447,371,2
img_104.jpg,452,194,500,359,2
img_105.jpg,239,53,506,600,2
img_106.jpg,722,141,970,729,2
img_107.jpg,180,13,429,366,2
img_108.jpg,70,31,249,298,2
img_109.jpg,696,119,868,535,2
img_109.jpg,400,94,589,563,2
img_109.jpg,175,94,373,619,2
img_109.jpg,1014,123,1198,499,2
img_110.jpg,649,49,845,681,2
img_111.jpg,707,60,1163,959,2
img_112.jpg,2,15,558,860,2
img_113.jpg,269,192,407,434,2
img_114.jpg,1967,167,2659,1982,2
img_114.jpg,1582,167,2138,1587,2
img_115.jpg,517,212,789,654,2
img_116.jpg,371,45,849,744,2
img_117.jpg,55,11,259,469,2
img_120.jpg,301,201,464,493,2
img_121.jpg,202,204,468,705,2
img_122.jpg,243,74,453,467,2
img_123.jpg,212,52,305,316,2
img_124.jpg,341,126,408,339,2
img_125.jpg,436,221,573,639,2
img_126.jpg,455,315,713,777,2
img_126.jpg,1084,326,1219,570,2
img_127.jpg,61,135,205,393,2
img_128.jpg,354,146,530,535,2
img_129.jpg,433,552,1687,2849,2
img_130.jpg,222,4,371,364,2
img_132.jpg,285,208,372,500,2
img_132.jpg,613,203,701,474,2
img_133.jpg,266,48,358,309,2
img_134.jpg,414,306,535,662,2
img_135.jpg,347,189,437,490,2
img_136.jpg,473,92,801,763,2
img_137.jpg,325,15,478,403,2
img_139.jpg,349,8,574,519,2
img_140.jpg,159,80,210,249,2
img_140.jpg,241,76,374,337,2
img_141.jpg,26,92,280,489,2
img_142.jpg,366,31,536,361,2
img_143.jpg,144,229,760,1350,2
img_144.jpg,591,83,747,604,2
img_144.jpg,776,107,1071,693,2
img_144.jpg,301,168,479,562,2
img_144.jpg,181,127,330,504,2
img_145.jpg,424,9,648,710,2
img_146.jpg,66,0,176,356,2
img_147.jpg,387,74,626,599,2
img_148.jpg,278,189,400,433,2
img_149.jpg,184,68,318,351,2
img_150.jpg,31,151,255,845,2
img_150.jpg,473,155,858,890,2
img_150.jpg,890,165,1038,649,2
img_150.jpg,1194,143,1358,655,2
img_151.jpg,117,64,204,314,2
img_152.jpg,582,123,979,974,2
img_153.jpg,376,64,583,428,2
img_154.jpg,102,73,248,335,2
img_154.jpg,371,81,527,329,2
img_155.jpg,356,93,409,278,2
img_156.jpg,338,208,516,515,2
img_157.jpg,59,43,112,174,2
img_158.jpg,37,123,85,254,2
img_159.jpg,67,176,258,685,2
img_159.jpg,362,168,548,707,2
img_160.jpg,259,110,489,502,2
img_161.jpg,397,39,645,677,2
img_162.jpg,449,194,504,358,2
img_163.jpg,236,85,415,475,2
img_163.jpg,433,85,546,339,2
img_164.jpg,224,44,485,466,2
img_165.jpg,243,79,412,469,2
img_165.jpg,428,95,544,342,2
img_166.jpg,300,38,411,321,2
img_167.jpg,234,59,367,348,2
img_168.jpg,887,143,1135,974,2
img_168.jpg,474,228,679,803,2
img_169.jpg,217,22,753,573,2
img_170.jpg,23,60,151,256,2
img_170.jpg,163,43,271,262,2
img_170.jpg,278,68,359,258,2
img_170.jpg,372,66,498,256,2
img_171.jpg,74,87,324,615,2
img_172.jpg,479,97,644,422,2
img_174.jpg,542,246,791,858,2
img_175.jpg,68,184,170,544,2
img_175.jpg,183,187,278,490,2
img_176.jpg,272,187,402,436,2
img_179.jpg,335,77,686,742,2
img_191.jpg,206,125,635,1258,2
img_207.jpg,189,66,708,1261,2
img_214.jpg,939,284,1229,1200,2
img_214.jpg,641,218,948,1212,2
img_214.jpg,381,260,653,1126,2
img_214.jpg,90,315,381,1181,2
img_252.jpg,4,6,56,114,2
img_252.jpg,60,5,112,156,2
img_252.jpg,115,7,168,116,2
img_252.jpg,173,6,225,126,2
img_252.jpg,229,3,282,136,2
img_253.jpg,848,127,1097,789,2
img_254.jpg,27,288,651,1320,2
img_254.jpg,755,129,1284,1323,2
img_254.jpg,1267,217,1834,1323,2
img_255.jpg,296,186,935,865,2
img_256.jpg,121,72,438,477,2
img_257.jpg,365,142,942,866,2
img_258.jpg,55,6,1213,860,2
img_259.jpg,6,118,456,866,2
img_259.jpg,462,169,830,866,2
img_259.jpg,798,198,1124,866,2
img_260.jpg,112,99,246,356,2
img_260.jpg,258,84,341,292,2
img_260.jpg,309,131,403,357,2
img_260.jpg,409,112,476,356,2
img_260.jpg,58,125,135,358,2
img_261.jpg,2981,1136,5693,5263,2
img_262.jpg,28,93,548,1248,2
img_263.jpg,1261,0,3991,2288,2
img_264.jpg,344,90,1017,677,2
img_265.jpg,160,416,285,689,2
img_266.jpg,208,71,1024,871,2
img_267.jpg,2437,704,5793,5304,2
img_268.jpg,3,11,56,158,2
img_268.jpg,59,11,113,131,2
img_268.jpg,115,15,169,144,2
img_268.jpg,172,7,225,158,2
img_268.jpg,228,6,282,122,2
img_269.jpg,14,61,198,286,2
img_269.jpg,295,72,400,285,2
img_270.jpg,38,58,511,584,2
img_271.jpg,94,22,479,360,2
img_272.jpg,529,21,1099,868,2
img_273.jpg,48,107,823,1300,2
img_274.jpg,39,57,99,250,2
img_274.jpg,138,51,220,258,2
img_274.jpg,232,49,285,253,2
img_274.jpg,278,49,347,260,2
img_274.jpg,361,54,416,252,2
img_275.jpg,252,167,309,346,2
img_275.jpg,157,194,211,350,2
img_275.jpg,121,179,176,322,2
img_276.jpg,319,606,4170,3100,2
img_277.jpg,105,53,763,929,2
img_278.jpg,287,255,1162,1114,2
img_278.jpg,1182,414,1813,1107,2
img_278.jpg,1730,319,2337,1113,2
img_278.jpg,2322,216,2981,1117,2
img_279.jpg,369,30,540,458,2
img_280.jpg,133,23,303,180,2
